=== 2. Basic Data Exploration ===
Shape: (284, 9)
Duplicates: 0

Head(5):
    국가명   2018   2019    2020   2021    2022    2023    2024    2025
0    가나  33449  23738  126101  90519  122100  196000  244000  767000
1    가봉     22      0     363     10    1091    1000   14000   10000
2  가이아나      0      0    1643   5505   14150   13000   23000  157000
3   감비아      0      0       0      0       0       0       0       0
4    건지      0      0       0      0       0       0    1000    5000

Tail(5):
     국가명        2018       2019       2020       2021       2022       2023       2024       2025
279  핀란드     2525368    2845429    2658354    4210768    3651289    6929000   11637000   16967000
280  필리핀    40255469   46031924   38044526   42386636   61079536   57452000   76678000   95674000
281  헝가리      601875     806976    1119269    1709464    2100622    2295000    2925000    4770000
282   호주    34798454   42752614   46514489   45133598   51720500   61381000   95993000  140250000
283   홍콩  1313393317  926149745  714206689  577913939  394262668  438190000  511135000  595333000

Info:
<class 'pandas.DataFrame'>
RangeIndex: 284 entries, 0 to 283
Data columns (total 9 columns):
 #   Column  Non-Null Count  Dtype
---  ------  --------------  -----
 0   국가명     284 non-null    str  
 1   2018    284 non-null    int64
 2   2019    284 non-null    int64
 3   2020    284 non-null    int64
 4   2021    284 non-null    int64
 5   2022    284 non-null    int64
 6   2023    284 non-null    int64
 7   2024    284 non-null    int64
 8   2025    284 non-null    int64
dtypes: int64(8), str(1)
memory usage: 20.1 KB


=== 3. Descriptive Statistics ===
Numerical Describe:
               2018          2019          2020          2021          2022          2023          2024          2025
count  2.840000e+02  2.840000e+02  2.840000e+02  2.840000e+02  2.840000e+02  2.840000e+02  2.840000e+02  2.840000e+02
mean   2.209055e+07  2.303695e+07  2.663086e+07  3.230485e+07  2.798256e+07  2.528832e+07  3.016415e+07  3.318635e+07
std    1.803738e+08  1.949187e+08  2.364293e+08  2.998830e+08  2.269710e+08  1.637620e+08  1.716275e+08  1.615197e+08
min    0.000000e+00  0.000000e+00  0.000000e+00  0.000000e+00  0.000000e+00  0.000000e+00  0.000000e+00  0.000000e+00
25%    0.000000e+00  0.000000e+00  0.000000e+00  0.000000e+00  0.000000e+00  0.000000e+00  0.000000e+00  0.000000e+00
50%    6.675000e+02  1.761000e+03  4.137000e+03  5.290000e+03  1.279300e+04  1.200000e+04  3.200000e+04  9.050000e+04
75%    6.053688e+05  7.048738e+05  9.731868e+05  1.375350e+06  1.779379e+06  1.750250e+06  2.748250e+06  4.840750e+06
max    2.662164e+09  3.069402e+09  3.804931e+09  4.879805e+09  3.609903e+09  2.376888e+09  2.156317e+09  1.748808e+09

Categorical Describe (국가명):
        국가명
count   284
unique  284
top      가나
freq      1

=== 4. Text Analysis (TF-IDF) ===
   Keyword  TF-IDF Sum
1       군도    7.000000
11     세인트    4.000000
13      제도    3.337621
9       불령    2.098369
7     네덜란드    2.000000
10     사모아    2.000000
12  아랍에미리트    2.000000
8   버진아일랜드    2.000000
0     가이아나    1.725651
18   폴리네시아    1.725651
5     그린랜드    1.000000
4     그린란드    1.000000
3      그리스    1.000000
2     그레나다    1.000000
6       기니    1.000000
14    포루투갈    1.000000
17     폴란드    1.000000
15    포르투갈    1.000000
20     프랑스    1.000000
19  푸에르토리코    1.000000
21     프렌치    1.000000
22      피지    1.000000
26     헝가리    1.000000
23     핀란드    1.000000
24     필리핀    1.000000
25    해방기구    1.000000
28      호주    1.000000
27  헤르체고비나    1.000000
29      홍콩    1.000000
16    포클랜드    0.763353

=== Table 1: Total Exports ===
2018    6273715119
2019    6542493297
2020    7563165563
2021    9174577584
2022    7947047732
2023    7181884000
2024    8566620000
2025    9424923000

=== Table 2: 2025 Export Quantiles ===
0.00    0.000000e+00
0.25    0.000000e+00
0.50    9.050000e+04
0.75    4.840750e+06
0.90    5.062330e+07
0.99    6.437436e+08
1.00    1.748808e+09

=== Table 4: Top 10 Countries 2025 ===
           국가명        2025
83          미국  1748808000
208         중국  1652087000
201         일본   880101000
283         홍콩   595333000
99         베트남   407974000
40      러시아 연방   361229000
30          대만   265792000
157  아랍에미리트 연합   261709000
273        폴란드   245781000
247         태국   207563000

=== Table 5: Correlation ===
          2018      2019      2020      2021      2022      2023      2024      2025
2018  1.000000  0.986261  0.962273  0.942845  0.936380  0.912807  0.852003  0.769574
2019  0.986261  1.000000  0.993657  0.984437  0.978845  0.940685  0.868744  0.770542
2020  0.962273  0.993657  1.000000  0.997670  0.993795  0.950490  0.875993  0.771637
2021  0.942845  0.984437  0.997670  1.000000  0.996179  0.949665  0.873492  0.765436
2022  0.936380  0.978845  0.993795  0.996179  1.000000  0.964143  0.901215  0.802895
2023  0.912807  0.940685  0.950490  0.949665  0.964143  1.000000  0.977274  0.916778
2024  0.852003  0.868744  0.875993  0.873492  0.901215  0.977274  1.000000  0.979198
2025  0.769574  0.770542  0.771637  0.765436  0.802895  0.916778  0.979198  1.000000

=== Table 7: Growth 22-25 ===
count       191.000000
mean      13383.814771
std       96423.471597
min        -100.000000
25%        -100.000000
50%         113.009104
75%         375.226638
max      962400.000000

=== Table 8: Top 5 Trend ===
국가명           미국        베트남         일본          중국          홍콩
2018   542694234  168603360  303191669  2662164400  1313393317
2019   529719802  223610045  402109969  3069402052   926149745
2020   638658013  262793803  637670293  3804931352   714206689
2021   840111156  303909082  783203137  4879804603   577913939
2022   838572820  375026204  745492582  3609902813   394262668
2023  1023042000  444690000  667167000  2376888000   438190000
2024  1547590000  466055000  840375000  2156317000   511135000
2025  1748808000  407974000  880101000  1652087000   595333000

=== Table 10: Zero/Missing values per year ===
2018    123
2019    103
2020    103
2021     97
2022     93
2023    112
2024     96
2025     88

